OPA-File:
C:\_XIMES\XIMES Austria\A_Consulting 2008\AC 08 JKG NEU\5b_OPA Abdeckungen\080228 OPA-Abdeckungen Dez07-Apr08 K\P080228 ac Dez07-Apr08 Ist-Vgl Basis 080228 FC 04b K.opa

OPA-Operating Hours:
080223 FC 04b - KW51 Ist

OPA-Solution:
080223 FC 04b - KW51 Ist - Bench 02 neuAlg mit Üg ohne 1525 ab-20-50-10 <=10 1800 Rechenzeit GewDistanz 400

kind:
103

Number of iterations:
1

requirements:
00:00 00:10 2 2 2 2 2 2 2
00:10 00:20 2 2 2 2 2 2 2
00:20 00:30 2 2 2 2 2 2 2
00:30 00:40 2 2 2 2 2 2 2
00:40 00:50 2 2 2 2 2 2 2
00:50 01:00 2 2 2 2 2 2 2
01:00 01:10 2 2 2 2 2 2 2
01:10 01:20 2 2 2 2 2 2 2
01:20 01:30 2 2 2 2 2 2 2
01:30 01:40 2 2 2 2 2 2 2
01:40 01:50 2 2 2 2 2 2 2
01:50 02:00 2 2 2 2 2 2 2
02:00 02:10 2 2 2 2 2 2 2
02:10 02:20 2 2 2 2 2 2 2
02:20 02:30 2 2 2 2 2 2 2
02:30 02:40 2 2 2 2 2 2 2
02:40 02:50 2 2 2 2 2 2 2
02:50 03:00 2 2 2 2 2 2 2
03:00 03:10 2 2 2 2 2 2 2
03:10 03:20 2 2 2 2 2 2 2
03:20 03:30 2 2 2 2 2 2 2
03:30 03:40 2 2 2 2 2 2 2
03:40 03:50 2 2 2 2 2 2 2
03:50 04:00 2 2 2 2 2 2 2
04:00 04:10 2 2 2 2 2 2 2
04:10 04:20 2 2 2 2 2 2 2
04:20 04:30 2 2 2 2 2 2 2
04:30 04:40 2 2 2 2 2 2 2
04:40 04:50 2 2 2 2 2 2 2
04:50 05:00 2 2 2 2 2 2 2
05:00 05:10 2 2 2 1 2 2 2
05:10 05:20 2 2 2 1 2 2 2
05:20 05:30 2 2 2 1 2 2 2
05:30 05:40 2 2 2 1 2 2 2
05:40 05:50 2 2 2 1 2 2 2
05:50 06:00 2 2 2 1 2 2 2
06:00 06:10 2 3 2 3 3 2 1
06:10 06:20 3 3 2 3 3 2 1
06:20 06:30 4 5 2 3 3 2 1
06:30 06:40 5 5 5 6 5 5 5
06:40 06:50 6 6 6 6 5 5 5
06:50 07:00 6 6 6 6 5 5 5
07:00 07:10 8 7 6 7 7 6 5
07:10 07:20 8 7 6 7 7 6 5
07:20 07:30 8 7 6 7 7 6 5
07:30 07:40 8 7 7 7 7 6 5
07:40 07:50 7 7 7 7 7 6 5
07:50 08:00 7 6 7 7 7 6 5
08:00 08:10 5 6 6 7 7 6 5
08:10 08:20 5 6 6 7 7 6 5
08:20 08:30 5 6 6 7 7 6 5
08:30 08:40 6 6 6 7 6 7 6
08:40 08:50 6 6 6 7 6 7 6
08:50 09:00 6 6 6 7 6 7 6
09:00 09:10 7 6 7 7 6 7 5
09:10 09:20 7 6 7 7 6 7 5
09:20 09:30 7 6 7 6 6 6 5
09:30 09:40 7 6 6 6 6 5 5
09:40 09:50 7 6 6 6 6 5 5
09:50 10:00 7 6 6 6 6 5 5
10:00 10:10 7 7 7 6 6 7 6
10:10 10:20 7 7 7 6 6 7 6
10:20 10:30 7 7 7 6 6 7 6
10:30 10:40 7 7 8 6 8 7 5
10:40 10:50 7 7 8 7 8 7 5
10:50 11:00 7 7 8 7 8 7 5
11:00 11:10 7 8 7 9 8 8 7
11:10 11:20 7 8 7 9 8 8 7
11:20 11:30 7 8 7 9 8 8 7
11:30 11:40 9 9 8 10 10 9 8
11:40 11:50 9 9 8 10 10 9 8
11:50 12:00 9 9 9 10 10 9 8
12:00 12:10 8 9 9 9 10 9 9
12:10 12:20 7 9 9 9 10 9 9
12:20 12:30 7 9 8 8 10 9 9
12:30 12:40 8 9 8 8 9 10 9
12:40 12:50 8 10 8 8 9 10 9
12:50 13:00 8 9 9 8 9 10 9
13:00 13:10 8 8 9 8 9 10 8
13:10 13:20 7 8 9 8 9 10 8
13:20 13:30 7 7 9 8 7 10 8
13:30 13:40 7 7 8 7 7 9 7
13:40 13:50 7 7 8 7 7 8 7
13:50 14:00 7 6 9 7 7 8 7
14:00 14:10 7 6 8 7 7 7 7
14:10 14:20 7 6 8 7 7 7 7
14:20 14:30 7 6 8 7 7 7 7
14:30 14:40 7 6 7 7 7 6 6
14:40 14:50 7 6 7 7 7 6 6
14:50 15:00 7 7 7 7 7 6 6
15:00 15:10 8 7 8 7 8 6 7
15:10 15:20 8 7 8 7 8 6 7
15:20 15:30 8 8 8 7 8 6 7
15:30 15:40 8 8 8 7 9 6 8
15:40 15:50 8 8 8 7 8 7 8
15:50 16:00 7 8 8 7 8 7 8
16:00 16:10 6 7 7 7 8 7 7
16:10 16:20 6 7 7 7 8 7 7
16:20 16:30 6 7 7 7 7 7 6
16:30 16:40 5 7 6 7 7 7 7
16:40 16:50 5 7 6 6 8 7 7
16:50 17:00 5 7 6 6 8 7 7
17:00 17:10 7 7 7 6 8 7 7
17:10 17:20 7 7 9 7 7 7 7
17:20 17:30 7 7 9 7 6 7 7
17:30 17:40 7 8 8 8 7 8 8
17:40 17:50 7 8 8 8 8 8 8
17:50 18:00 7 8 8 9 9 8 8
18:00 18:10 7 8 8 9 9 8 8
18:10 18:20 7 8 8 9 9 8 8
18:20 18:30 8 8 8 8 9 7 8
18:30 18:40 9 7 7 8 8 7 7
18:40 18:50 9 7 7 8 7 7 7
18:50 19:00 8 6 7 8 7 7 7
19:00 19:10 7 6 7 7 8 7 6
19:10 19:20 7 6 7 7 8 7 6
19:20 19:30 7 6 7 7 8 7 5
19:30 19:40 7 6 7 6 7 7 5
19:40 19:50 7 6 7 6 8 7 5
19:50 20:00 7 6 6 6 8 7 5
20:00 20:10 7 6 6 6 7 7 5
20:10 20:20 7 6 6 6 7 7 5
20:20 20:30 7 6 6 6 7 7 5
20:30 20:40 6 6 6 6 6 7 5
20:40 20:50 6 6 6 5 6 7 5
20:50 21:00 6 6 6 5 6 7 5
21:00 21:10 6 5 6 5 6 6 5
21:10 21:20 6 5 6 5 6 6 5
21:20 21:30 6 5 6 5 6 5 4
21:30 21:40 6 5 6 5 6 4 4
21:40 21:50 6 5 6 5 6 4 4
21:50 22:00 5 4 6 3 6 4 4
22:00 22:10 4 3 5 3 6 3 4
22:10 22:20 4 3 5 3 4 2 4
22:20 22:30 4 2 4 3 4 2 3
22:30 22:40 2 2 2 2 2 2 2
22:40 22:50 2 2 2 2 2 2 2
22:50 23:00 2 2 2 2 2 2 2
23:00 23:10 2 2 2 2 2 2 2
23:10 23:20 2 2 2 2 2 2 2
23:20 23:30 2 2 2 2 2 2 2
23:30 23:40 2 2 2 2 2 2 2
23:40 23:50 2 2 2 2 2 2 2
23:50 00:00 2 2 2 2 2 2 2

dayStartTime:
06:00

start solution:
A 07:30 12:00 3 3 3 3 3 3 3
Bc 19:15 12:30 3 3 3 3 3 3 3
6:0-8:01 06:00 08:00 1 1 1 1 1 1 1
6:30-12:301 06:30 12:30 2 1 0 1 0 0 0
6:30-12:01 06:30 12:00 0 1 1 1 1 1 1
6:30-9:401 06:30 09:40 1 1 2 0 1 1 0
6:30-7:401 06:30 07:40 0 0 0 0 0 0 1
6:40-12:301 06:40 12:30 0 0 0 1 1 0 0
7:0-12:301 07:00 12:30 0 0 0 0 0 0 1
7:0-9:101 07:00 09:10 1 1 1 0 1 1 0
7:30-8:401 07:30 08:40 0 0 0 1 0 0 0
8:0-11:101 08:00 11:10 0 0 1 0 0 1 0
11:0-12:01 11:00 12:00 0 0 0 1 0 0 0
11:0-11:301 11:00 11:30 0 2 0 1 1 2 2
11:30-9:01 11:30 09:00 1 1 1 0 1 1 1
12:0-9:01 12:00 09:00 1 0 0 1 0 0 0
12:30-8:501 12:30 08:50 0 0 0 0 0 0 1
15:0-8:01 15:00 08:00 1 0 1 0 1 0 1
7:0-6:01 07:00 06:00 1 1 0 1 0 1 0
7:30-6:01 07:30 06:00 1 0 1 0 1 0 1
16:0-6:01 16:00 06:00 1 0 1 0 0 0 0
16:0-5:01 16:00 05:00 0 1 1 0 1 1 0
17:0-5:301 17:00 05:30 1 1 1 0 0 0 0
17:0-5:01 17:00 05:00 0 1 0 2 1 1 1
17:30-5:01 17:30 05:00 1 0 1 1 1 0 0

start solution additional infos:
0 100,00 1 0 1 0 '' 1
0 100,00 1 0 1 0 '' 1
0 100,00 1 0 1 0 'Frühschicht' 1
0 100,00 1 0 1 0 'Frühschicht' 1
0 100,00 1 0 1 0 'Frühschicht' 1
0 100,00 1 0 1 0 'Frühschicht' 1
0 100,00 1 0 1 0 'Frühschicht' 1
0 100,00 1 0 1 0 'Frühschicht' 1
0 100,00 1 0 1 0 'Frühschicht' 1
0 100,00 1 0 1 0 'Frühschicht' 1
0 100,00 1 0 1 0 'Frühschicht' 1
0 100,00 1 0 1 0 'Frühschicht' 1
0 100,00 1 0 1 0 'Tagschicht' 1
0 100,00 1 0 1 0 'Tagschicht' 1
0 100,00 1 0 1 0 'Tagschicht' 1
0 100,00 1 0 1 0 'Tagschicht' 1
0 100,00 1 0 1 0 'Spätschicht' 1
0 100,00 1 0 1 0 'Spätschicht' 1
0 100,00 1 0 1 0 'Frühschicht' 1
0 100,00 1 0 1 0 'Frühschicht' 1
0 100,00 1 0 1 0 'Spätschicht' 1
0 100,00 1 0 1 0 'Spätschicht' 1
0 100,00 1 0 1 0 'Spätschicht' 1
0 100,00 1 0 1 0 'Spätschicht' 1
0 100,00 1 0 1 0 'Spätschicht' 1

shifttypes:
FP 07:00 22:00 05:00 10:30

weights:
1,0000
100,0000
30,0000
0,0000
0,0000
0,0000

other constraints:
40,00
2,00
6,00
0,00
480,00
0,00
10,00
0,00
10,00

stopAfterSec:
3600

stopAfterSecNoImproves:
3600

TimePeriodToOptimize:
START: DAY 1 TIME 00:00 END: DAY 7 TIME 00:00

RuleLunchBreakQty:
MINIMUM: 00:00 MINIMUM-UPTO: 06:00 MAXIMUM: 00:30 UNPAID

RuleBreakType1Qty:
00:10 EACH-TIMEPERIOD: 00:50 PAID

RuleBreakLengthVar:
MINIMUM: 00:10 MAXIMUM: 01:00 PREFERRED: 00:20 MINIMUM-AFTER-MAXDISTANCE: 00:20

RuleBreakLengthFixed:
BREAK 00:30

RuleBreakPositionVar:
EARLIESTSTART MINUTES-AFTER-SHIFT-STARTS: 00:30 LASTESTSTART MINUTES-BEFORE-SHIFT-ENDS: 00:30 MINIMUM-DISTANCE-TO-SHIFTEND: 00:00

RuleBreakPositionFixed:
EARLIESTSTART MINUTES-AFTER-SHIFT-STARTS: 03:30 LASTESTSTART MINUTES-BEFORE-SHIFT-ENDS: 02:00 MINIMUM-DISTANCE-TO-SHIFTEND: 00:00 OPTIMUMPOSITION MINUTES-AFTER-SHIFT-STARTS: 03:30 TO 06:00

RuleDistanceBetweenBreaks:
MINIMUMDISTANCEBETWEEN: 00:30 MAXIMUMDISTANCEBETWEEN: 01:40

RuleBreaksWeights:
OPTIMIZECOVERAGE: 20 BREAKQUANTITY: 999 MAXIMUMDISTANCEBETWEEN: 200 MINIMUMDISTANCEBETWEEN: 50 BREAKSVAR: 10 BREAKSFIX: 10 MEETING1: 60 MEETING2: 60





